regex	matches_class1	matches_class0	total
rx_0_GTAT.G	8	0	8
rx_1_.TATTG	5	0	5
rx_2_G.ATCT	5	0	5
rx_3_GTATG.	9	1	10
rx_4_GTAT[GCA]A	6	1	7
rx_5_GTAT	20	4	24
rx_6_GTAT..	20	4	24
rx_7_GTGT.A	5	1	6
rx_8_GTA..G	19	5	24
rx_9_GTA.GA	7	2	9
rx_10_GTG[TAC][TCA]A	10	3	13
rx_11_GAAAA	9	3	12
rx_12_G.ACAA	6	2	8
rx_13_GTG..A	23	9	32
rx_14_GT.TT.	13	5	18
rx_15_GT.T.A	15	6	21
rx_16_GTAA.G	5	2	7
rx_17_GTGGCT	5	2	7
rx_18_GTG.AT	5	2	7
rx_19_GTG.AA	7	3	10
rx_20_GTGGA[AT]	7	3	10
rx_21_GT.TG.	23	11	34
rx_22_G.AT.A	10	5	15
rx_23_GT.	197	204	401
rx_24_GTA..A	13	7	20
rx_25_GTGA[ATG][GA]	11	6	17
rx_26_GTGT..	14	8	22
rx_27_G.A.CG	7	4	11
rx_28_G[TA]A[CG]AA	10	6	16
rx_29_..ACGG	5	3	8
rx_30_GTAC..	8	5	13
rx_31_GTAC	8	5	13
rx_32_GGA.CC	6	4	10
rx_33_GT..AA	14	10	24
rx_34_G.AT.T	15	11	26
rx_35_GT.CCC	7	5	12
rx_36_G.AT	44	36	80
rx_37_GG.CTG	11	8	19
rx_38_GCA..T	8	6	14
rx_39_GT..G.	49	43	92
rx_40_GT..CA	14	11	25
rx_41_GTA.A	9	7	16
rx_42_GTA.A.	9	7	16
rx_43_GT..TA	9	7	16
rx_44_GTGA..	25	21	46
rx_45_.TAG.G	5	4	9
rx_46_.TACT.	5	4	9
rx_47_G[ACT]AAAT	5	4	9
rx_48_GAAGAA	5	4	9
rx_49_.TGGCT	5	4	9
rx_50_GT[CGT]T[ATC]A	5	4	9
rx_51_GAT.TC	5	4	9
rx_52_GA.T.T	11	9	20
rx_53_.TA.TG	11	9	20
rx_54_G.A.GT	11	9	20
rx_55_.T.TTG	13	11	24
rx_56_GTG.	79	85	164
rx_57_GTGA.G	6	5	11
rx_58_GT.TC.	16	14	30
rx_59_GAA.A.	24	22	46
rx_60_GT[CG][GA][TAG]	53	55	108
rx_61_GAT..A	10	9	19
rx_62_G.T.CA	11	10	21
rx_63_G..TGT	15	14	29
rx_64_G[TC][TG]	158	250	408
rx_65_G.A	163	265	428
rx_66_GT.G	52	57	109
rx_67_[AGT]T[GTC]	243	574	817
rx_68_G[ACG]A[AT][ATG]T	16	16	32
rx_69_GG.T.A	10	10	20
rx_70_GTTT..	10	10	20
rx_71_G.T.GA	9	9	18
rx_72_GGT..C	8	8	16
rx_73_GGT.C.	8	8	16
rx_74_GCTCT.	7	7	14
rx_75_[TGA]TGGAA	6	6	12
rx_76_GG.CG.	5	5	10
rx_77_G..GTA	5	5	10
rx_78_GAA.TT	5	5	10
rx_79_[CGT][CGT]GATT	5	5	10
rx_80_GT.C.G	15	16	31
rx_81_GTT.C.	12	13	25
rx_82_G..AAC	11	12	23
rx_83_G[TC]G[ACT][TAC][ATC]	29	34	63
rx_84_GG[CGT][TCG]G[ATC]	18	21	39
rx_85_GGT.	28	34	62
rx_86_GGT	28	34	62
rx_87_GAAT..	7	8	15
rx_88_G.ATT.	7	8	15
rx_89_G.TT.C	7	8	15
rx_90_GTT	34	43	77
rx_91_.GC.AT	6	7	13
rx_92_GAGG[GC]T	6	7	13
rx_93_GTG.C.	18	22	40
rx_94_GTGC..	14	17	31
rx_95_G.TCT.	17	21	38
rx_96_GG.TG.	20	25	45
rx_97_GTCT..	13	16	29
rx_98_G.AC.G	13	16	29
rx_99_.CACG.	5	6	11
rx_100_AG..G.	13	89	102
rx_101_ATGGGG	1	1	2
rx_102_ACTTCG	0	0	0
rx_103_AAG[TAC]G[AGC]	2	21	23
rx_104_ACCCTG	1	6	7
rx_105_TAT..A	0	8	8
rx_106_CCCC[AT][TC]	0	12	12
rx_107_GAG...	38	164	202
rx_108_CAC.T.	1	10	11
rx_109_.G.T.T	16	63	79
