regex	matches_class1	matches_class0	total
rx_0_.AG	714	228	942
rx_1_AAG.	300	28	328
rx_2_AAG..	300	28	328
rx_3_GAG.	388	98	486
rx_4_A.G	426	137	563
rx_5_AAGT	126	3	129
rx_6_AAGT..	126	3	129
rx_7_AA.	379	133	512
rx_8_.AGT.C	81	4	85
rx_9_AAGG.A	20	0	20
rx_10_A[GA]GTGG	15	0	15
rx_11_AAGA.T	12	0	12
rx_12_AAGTTC	10	0	10
rx_13_AAGTTG	9	0	9
rx_14_AAGTGA	8	0	8
rx_15_[AGT]AG[AGT]AT	37	1	38
rx_16_A.GCTC	6	0	6
rx_17_A.GCAA	5	0	5
rx_18_AAGCTG	5	0	5
rx_19_.AGT.A	76	6	82
rx_20_GAGT[CA]T	26	1	27
rx_21_A.GTA.	56	4	60
rx_22_AAG.CA	22	1	23
rx_23_AAG.C.	58	5	63
rx_24_[AGC][AGT]GTTC	20	1	21
rx_25_AAG.TG	20	1	21
rx_26_AAGGC.	19	1	20
rx_27_AAG..G	73	8	81
rx_28_.AGTGG	48	4	52
rx_29_AA.T	151	31	182
rx_30_AAGG.C	18	1	19
rx_31_GAGT.C	46	4	50
rx_32_GA.TG.	118	20	138
rx_33_.AGTTC	17	1	18
rx_34_A.GC.C	16	1	17
rx_35_GAGT.A	43	4	47
rx_36_AAG.GG	26	2	28
rx_37_GA.T..	209	65	274
rx_38_AAG..T	72	10	82
rx_39_.A.TAG	22	2	24
rx_40_AAGAG.	22	2	24
rx_41_GAGTCT	12	1	13
rx_42_.AGTC.	53	7	60
rx_43_A.G.A	134	32	166
rx_44_AA.TGT	11	1	12
rx_45_A[GCA]GTA[CTA]	32	4	36
rx_46_GA.	399	316	715
rx_47_G[CA][AGT]T	216	84	300
rx_48_A.GT.G	46	7	53
rx_49_AAGGC[TC]	9	1	10
rx_50_[GC][CA]GTC	38	6	44
rx_51_AGG[CTA]AC	8	1	9
rx_52_A.G.AT	36	6	42
rx_53_AAG.TT	14	2	16
rx_54_.AG.GA	67	14	81
rx_55_A.GTG.	60	12	72
rx_56_G.G	466	526	992
rx_57_AA.GAT	7	1	8
rx_58_G.GTTC	7	1	8
rx_59_A.GGCC	7	1	8
rx_60_[AC]A[TG]T[CA]C	19	3	22
rx_61_.A.TGG	51	11	62
rx_62_.A.TAC	17	3	20
rx_63_AAA.TA	6	1	7
rx_64_[AT]AGAGA	6	1	7
rx_65_AA..AG	30	6	36
rx_66_AA..GG	38	8	46
rx_67_A..TAC	16	3	19
rx_68_AA.TTC	11	2	13
rx_69_ATGT..	37	8	45
rx_70_A.G.AG	35	8	43
rx_71_.AGC.C	35	8	43
rx_72_A.GCG.	10	2	12
rx_73_.AG.GG	80	24	104
rx_74_GAGCAC	5	1	6
rx_75_GA[CG]TTT	5	1	6
rx_76_AA..TA	22	5	27
rx_77_GAG.TC	18	4	22
rx_78_GA[GCT][AT][TGC][TG]	109	40	149
rx_79_GAGGGC	9	2	11
rx_80_AAGAAA	9	2	11
rx_81_A.G..T	104	38	142
rx_82_GAG.TT	13	3	16
rx_83_[GC]AG[CT]C[TGC]	49	14	63
rx_84_A.GCA.	24	6	30
rx_85_[CA][TA][TG]	407	489	896
rx_86_GA..GC	41	12	53
rx_87_AGG.AC	8	2	10
rx_88_AA.AGC	8	2	10
rx_89_A.GC	68	24	92
rx_90_..GTCC	33	10	43
rx_91_.AG.TT	27	8	35
rx_92_.AGC	121	56	177
rx_93_AA[TG]G[CAT]T	14	4	18
rx_94_[CTG][ACG]GTGA	37	12	49
rx_95_AA..TG	26	8	34
rx_96_A.G.CG	7	2	9
rx_97_A[ACG]GCT[GA]	7	2	9
rx_98_.GGTCC	7	2	9
rx_99_A.G.GC	31	10	41
rx_100_AA.AGGTA.TTGC	0	0	0
rx_101_[GC]TAGG[GTC]TGA[ACT]TAA	0	0	0
rx_102_TCCCCATATGCAA	0	0	0
rx_103_GACTCTTCG[CG]CCG	0	0	0
rx_104_ACA[ACG]A[GAC]TGAAAGT	0	0	0
rx_105_TTCTAAC.T..GC	0	0	0
rx_106_.ACCGAAAAC.CT	0	0	0
rx_107_AC.TGTG..AAAG	0	0	0
rx_108_GAAGTGCG..CCC	0	0	0
rx_109_GGA.TCGGAATAT	0	0	0
