regex	matches_class1	matches_class0	total
rx_0_GTAT.G	8	0	8
rx_1_GTATG.	9	1	10
rx_2_GTAT	20	4	24
rx_3_GTA..G	19	5	24
rx_4_GAAAA	9	3	12
rx_5_GTG..A	23	9	32
rx_6_GTG.AA	7	3	10
rx_7_G.AT.A	10	5	15
rx_8_GT.	197	204	401
rx_9_GTA...	46	28	74
rx_10_GTGA[ATG][GA]	11	6	17
rx_11_GTGT..	14	8	22
rx_12_G[TA]A[CG]AA	10	6	16
rx_13_GTAC..	8	5	13
rx_14_GTAC	8	5	13
rx_15_GT..AA	14	10	24
rx_16_GT.CCC	7	5	12
rx_17_G.AT	44	36	80
rx_18_GCA..T	8	6	14
rx_19_GTA.A	9	7	16
rx_20_.T.TTG	13	11	24
rx_21_GTG.	79	85	164
rx_22_GTGA.G	6	5	11
rx_23_GT[CG][GA][TAG]	53	55	108
rx_24_GAT..A	10	9	19
rx_25_G.T.CA	11	10	21
rx_26_G[TC][TG]	158	250	408
rx_27_G.A	163	265	428
rx_28_GT.G	52	57	109
rx_29_[AGT]T[GTC]	243	574	817
rx_30_GGT.C.	8	8	16
rx_31_[TGA]TGGAA	6	6	12
rx_32_G..AAC	11	12	23
rx_33_GGT.	28	34	62
rx_34_GGT	28	34	62
rx_35_GAAT..	7	8	15
rx_36_GTT	34	43	77
rx_37_GTGC..	14	17	31
rx_38_G.AC.G	13	16	29
rx_39_[CAG][TG][AC][TAC]	215	612	827
rx_40_G.GAAG	8	10	18
rx_41_GCA.G.	11	14	25
rx_42_GTT.A.	7	9	16
rx_43_G.AAA	15	20	35
rx_44_G..CAA	12	16	28
rx_45_GT.AT.	12	16	28
rx_46_G.CG	28	40	68
rx_47_[GC]AAA[AT][GC]	9	12	21
rx_48_G..AGC	9	12	21
rx_49_G..TTC	9	12	21
rx_50_G..TCT	11	15	26
rx_51_G.G	149	348	497
rx_52_GTC.C.	13	18	31
rx_53_[AG]TG[GAC]	84	155	239
rx_54_GG.T.T	12	17	29
rx_55_G.CTT.	15	22	37
rx_56_[GC][ATC]GAGC	7	10	17
rx_57_G.AA.G	11	16	27
rx_58_GG.	119	265	384
rx_59_G[ATC][GTA][CGT]G[TG]	27	43	70
rx_60_G.AC	36	60	96
rx_61_ATC..T	8	12	20
rx_62_[GC][CT]AT	31	51	82
rx_63_.ACT.T	6	9	15
rx_64_.TAC	20	32	52
rx_65_G.TC.	41	72	113
rx_66_GA.	151	420	571
rx_67_GT.GT.	12	19	31
rx_68_G..GTT	7	11	18
rx_69_G[ATC]AAG[ATC]	7	11	18
rx_70_GGT..T	7	11	18
rx_71_.TCG	13	21	34
rx_72_[AG]AT[TG]A	13	21	34
rx_73_GGAT..	10	16	26
rx_74_GGAT	10	16	26
rx_75_.TCC.C	10	16	26
rx_76_.TA	69	140	209
rx_77_[GT][GT]A	95	216	311
rx_78_GGGA.	8	13	21
rx_79_GGGA	8	13	21
rx_80_G.CTG.	21	36	57
rx_81_G.CTG	21	36	57
rx_82_GC.	120	309	429
rx_83_GA[CAT][ACT]A	24	42	66
rx_84_G.A.CT	13	22	35
rx_85_AT.A.G	9	15	24
rx_86_G.T.A	36	67	103
rx_87_G.TT	23	41	64
rx_88_GAAC..	10	17	27
rx_89_GAAC	10	17	27
rx_90_G.GA	51	102	153
rx_91_GAA..A	17	30	47
rx_92_GC..GC	11	19	30
rx_93_GAAG.A	7	12	19
rx_94_.TTC.A	7	12	19
rx_95_.GCAC.	7	12	19
rx_96_G[TG]AA[ACG]A	5	9	14
rx_97_.AAC.A	7	13	20
rx_98_ACTG..	9	17	26
rx_99_[TG][ACG][AT]C[GAC]A	14	28	42
rx_100_GAAGTA	1	2	3
rx_101_AGAA[AT][TCA]	4	7	11
rx_102_CCTTAC	0	1	1
rx_103_CCA.CT	2	10	12
rx_104_G[ACT]AAAT	5	4	9
rx_105_TTCCCC	1	0	1
rx_106_..GCTG	14	57	71
rx_107_GCAA[GCA]A	2	6	8
rx_108_CACTTG	0	0	0
rx_109_.CTCAA	2	4	6
